16250252254
16497527254
16986590931
17269230442
18050631326
18205485835
18638151898
18638741497
18682487517
18690451290
18694004400
18694281965
18696157056
18699729438
19505742480
19749144352
19768376991
19768377286
19768561427
20915446710
21002138968
21069050275
21328131295
21492605676
21518681899
21581759237
21584231705
21603893301
22024798730
22092480330
22093456744
22117709712
22205954323
22271628094
22627431256
22628140377
22725616936
22730918055
22731758775
22736456883
22737282937
22812617490
22845187309
23178308562
23943110016
24036685843
24043592927
24110312001
24137806870
24674653195
24694471958
25177891473
25322431663
25339298113
25413474853
25465940322
25799763751
26033813088
26116577486
26367635110
26392161899
26553523182
26675862068
26753778189
26979819643
27017851074
27018320439
27031802961
27033513357
27033839231
27035427957
27036638657
27038689995
27041857001
27043587978
27044833737
27046357422
27070300525
27452452642
27844275861
27845290229
27866086092
27963952397
28809611438
29005731914
29019437690
29476124025
29479504907
29484591936
29492836829
29502247731
602823301537792
758373595226113
876219339907072
892665352691712
893926634430464
900218514051072
907770148691969
917860511645696
919094798848001
920351873703939
925437664432128
929173983989760
930428802306048
937967908552704
939246651187200
949298271354881
954633023397888
1653453738737664
2011646889304064
2090122279391232
2456893263978496
4290756781015040
5299914741387264
5305657469177856
9720794993139714
10059728101052416
13864079928074240
15818682328420352
15875308020305921
15875747201683457
17329650631966720
22315507155734528
23061674596507649
23064304748077057
24274893788946432
25223886807240704
32533106468585472
48436993629233152
50562761251487744
50995979930976256
50996309070581760
50996728584867840
50997397685411840
50997738304835584
52429192377274368
52429958395596800
52433879998533632
52434478014005248
52825374006054913
52836240533364736
52935531402756096
53098076793090049
53499955528204288
53500452213501952
53501313891319808
53501384309473281
53501909960626176
53504311661047808
53504686526971905
53582321458221057
53848080193306624
53874997311176704
53922348188975104
53923039196360704
53938072873742336
54170247741190144
54170547201908736
54170901675122688
54172478808915968
54173762194653186
54174623331397632
54182555456516097
54186229935259648
54187061279862784
54200859629846528
54202358577627136
54202615831080960
54202960149880833
54203337645633536
54203356255748097
54203367865597952
54204335395061760
54204920718565376
54206417489502208
54207260523642880
54207728654090240
54207955498840065
54208372806918144
54208630236512257
54212973006299136
54214191850074112
54217256342794241
54219259429126144
54220143911383040
54220369254563841
54227799787044864
54229117322801152
54229215545012224
54229467509424130
54229496626294784
54230572406550528
54230837352341504
54230902921887744
54232809405026304
54233730381905920
54234235099283457
54234653594353665
54234655167225857
54235193640357888
54236208653533184
54237923364716547
54241587215085568
54244213235269632
54251465203662848
54253376032079872
54254599674138624
54257689089421312
54265986253197313
54268606485241857
54269278551146496
54282617029271552
54290314055254016
54300892882673665
54304586466459648
54312912138932224
54314682558857216
55360980883996672
56342792800178176
56379284637483008
57770152153972736
58933052059037696
60415879304855552
61113019945582592
66489394445561856
66495362109681664
70515898661879809
70572331000528896
70607428680560640
70862235374858241
70862613365538816
70919512572174336
71563076230594560
72745142372667392
74192954725629953
78545378001158144
79351315033112576
80740066581950464
81395523428433920
81449628943392768
84262670672470016
84264412332032001
86823631795126272
86922324556787712
88242577144426496
88242697428668417
89364572682727425
89365160212443139
89366589874520065
89695761993965569
89716120575148032
89716603981279232
89717602758307841
89737956608315392
89748066789371904
89748481819942912
89785146013777921
96987195084259329
102111565129592832
105728004172427264
107835617798389762
107836806183129088
107909569048625153
108232669246136320
108371756359757825
108648057272406017
108744302137577473
108744526117613569
108746453895225345
108994326977183744
108995785974235136
109007627983396864
109008562809872384
109317541117173760
109319300648669184
109344191322132480
109344289850523648
109358776133492737
109368618260766720
109368771315118080
110010018153246720
110403074803240961
110428733667676161
110453646902308864
110933292857040896
111070500997971969
111150693678710784
111160807655612416
111166819368308737
111417023787053056
111501382317641728
111501574739734528
111501683451904000
111587009889447936
112141162726440960
112189291085574144
112189450100015106
112194515103776768
112194859712000001
112244856402874368
112980281673265152
113019268437770241
113039070602600448
113069833293283328
113075631650127872
113267321329561600
113593423528865792
113967300943687680
113986507290836992
114139967919362048
114406493960417280
114410633730080768
114421813102133249
114431365252001792
114444445881090048
114444776337711104
114505121962016768
114532451317055488
114731860835311616
114737233197678593
114747196460638208
114762891688808448
114763103908016128
114791984257966080
114794427171602433
114829709103214592
114852925859299328
115093173524631552
115118678634278912
115118819751628800
115163172872257536
115597594599763968
115641294759530498
115827808177094656
115842104332267520
115843068783104000
115845588641263616
115944847050932224
115950794045521920
115986979702837249
116118433518727169
116151723646648320
116152896097239041
116153098241708032
116164417477025792
116164436506583041
116176208814813184
116184709511393280
116239763949883392
116350270312685568
116362669136683008
116364634172301312
116505659318616064
116515912584138752
116521315871096833
116537258676469760
116553397422927872
116595665244663808
116598039182983168
116598062364901376
116598109844406272
116601714748039169
116601961440223232
116620398065491969
116645611419340800
116664858195410944
116691052408209408
116863898707173379
116883051581157376
116890075706572800
116895614893170689
116903387399847936
116914669683347456
116915108642422784
116918785079910401
116927025587040256
116928012427075584
116962985934729216
117051470565744640
117068895906566144
117228451529895936
117228746091675648
117254638062944257
117254760243011584
117255686114643969
117274492912414720
117275889682751488
117287050864107521
117312725255852032
117332807625347073
117333486146301952
117340226371846145
117340919409287169
117341543643357184
117343042427559937
117348349279092736
117378814115463168
117406654814883841
117416807584894976
117418647907090432
117420180396707840
117432374383484928
117603182892417024
117604237017493504
117628126225375232
117628752871178241
117629383602216961
117634566428176384
117635787272630272
117638607170314240
117656697027313664
117663724164218881
117690962431582208
117691037350244353
117728541424095232
117820452897964032
117973501910065152
118127366647185409
118300678312562688
118309658342596608
118324307339382784
118332192526045185
118355529771913216
118371762730844160
118373684472848384
118374069228933121
118376509638574082
118419570406064128
118424319415169024
118482131423997952
118658512057405441
118679589567463424
118680026139996160
118695907674951680
118704350431420416
118742417280208896
118762645745696769
118763573488001024
118765472266203136
118767273061269505
118777554709655552
118777603690737665
118778172375441408
119081275599486976
119082218411925504
119085137735593984
119140737865625601
119143071299538944
119192505270009857
119192727203233792
119400502134964225
119407274740547584
119442067373043713
119443744297721859
119479904726294530
119561312303976448
119613043721240576
119760220523200512
119802723473436672
119803233303662593
119984011140546560
119984734238543873
119985491356565505
120713243974057984
120716403635523584
120863447528374272
120874461808435200
120911580790657024
120913214996365312
120960539034791938
121292108131860481
121292250671095808
121292307583598592
121293047647571968
121294798920491009
121297337359405056
121365584163246082
121596707002789888
121601499733311489
121605452193730560
121605987181412352
121638365668974593
121676542706323457
121677777815609344
121678603263029248
121678952396890112
121683117005225985
121685781147430912
121686416920018944
121944634619478016
121955159516528641
121955783901589504
121966042363867137
121996332721377281
121996697579696128
122009819564617728
122124919650783232
122148521272033281
122305226391814144
122306550453903360
122315555783983104
122340320636702720
122340546269298688
122340658383036417
122340825345687552
122396891987197952
122397603257253888
122516898930892800
122679810723028992
122715755346276352
123384752999899136
123411840700129283
123428954458697728
123444749867827201
123444932601069569
123499662723387392
123778845622026241
123787033528369152
123787581153476608
123799319475265536
123799890546528259
123801475800510464
123801812196265984
123814912530198529
123913370716995585
123925671356530688
123934243373064192
123934800338878464
124124562857263105
124132851330461696
124161439308058624
124161856377077760
124162395080884225
124183576152510465
124219571283570688
124220311460790272
124224511200600064
124479784494436352
124557160750387201
124557421581578242
124564381051797504
124642190487064576
124679001150193664
124855115973791745
124858606230310913
124859826844082176
124871251809411073
124879991124135936
124900396949979137
124901577004818433
125053560038760450
125200006180372480
125213889620217857
125920212766826496
125954707490471936
126309816925831169
126332274089263104
126344782556561409
126352763377561600
126353031087394816
126422207260921856
126651378645991426
126666847289483264
126756511908249600
126759306770120704
126807627660398592
126852548001927169
127386704809172994
127411047928840192
128304021546090496
128505109599617024
128542111372021760
128546479005642752
128601070296498176
128866378303275008
128878823826661376
129199294279454721
129253907875635200
129254075664576512
129263976109457409
129264217273536512
129298551770583041
129302493640404992
129303447571931136
129305483923300352
129327283625402369
129350528693055488
129371176530223106
129380255575187457
129599543288414208
129606251926659072
129606837384396800
129645814879498240
129666689917919233
129668476586557441
129669692615950337
129959329028775936
130096301361733632
130705057887956992
131003294716919808
131004299667968000
131011898022957056
131012188260409344
131018523240701952
131081958146052096
131084172679852032
131084246512189440
131106711233769472
131118325282508800
131145476828438528
131145653517697024
131145676498272257
131145746484428800
131357196968656896
131359061588447233
131361575645872128
131371989343535106
131399447119794177
131408142201393152
131425747997958144
131591259923025921
131734159365390336
131779003332820993
131794232179560448
131794860939292672
131796062129225728
131836796907700224
131837261405888512
131945702954762240
132081173127102465
132128160765587456
132161843883024384
132183982359064577
132184462422327297
132483204719460352
132483358281318400
132483503022555136
132499913081757699
132560274480836608
132571453131460608
132801609439780864
132804743461478400
132806440816611328
132824893241827328
132825431261970434
132825975045103616
132826216263712768
132826507411324928
132826855341432832
132827454346768385
132827861022289921
132828342993960961
132828886609313794
132858429499899905
132953744831807488
133272617506451457
133373881074458624
133560527141081089
133565754258886656
133570020419706880
133579094926426113
133650597521010688
133682486919184384
133712902296313856
133712963021451264
133740640172392448
133962851848171520
133962967694843904
133979877207576576
133980370835226624
133989877963440128
133989955386089472
134267513642024960
134292169140871170
134351359465099264
134375178108022784
134382321179693057
134391879121907713
134428567231672321
134671181633683456
134684669122850816
134685142135472128
134701741546553345
134704629203218432
134735240668262400
135037334403031040
135037701580800000
135139959521804288
135415305634725891
135507313799864320
135923136683180033
136099006953689088
136104380695977984
136104698771025920
136110094948646912
136214540340838400
136508825552433152
136519437623885824
136583168949100544
136583382200094721
136794162715561985
136826697889746944
136828912276746240
136852977943191552
136879616009830401
136880272519086081
136897892081348608
136900319874519041
136914952823910400
136928176684285953
136928229113085953
136968360054366208
137007856045137920
137022989790220288
137173581141516288
137173766018039809
137216213133697024
137216741796356096
137236460192542720
137248726791102466
137278578277621761
137282600162164737
137386430245769216
137386702711951360
137400368932982784
137546854719168512
137548335576907776
137577937351356416
137578015520604161
137593733318328320
137595318350000128
137600175844769792
137645238645833729
137645318320824320
137659749738094592
137676060912394240
137695338952790016
137695649536815104
137903922177253376
137927603058253824
137928385463717888
137997486542434304
138055904603017216
138262630900047874
138417822962421760
138653175136780289
138663764701618176
138663976778215425
138734927633055744
138735577838268417
138739519095701504
138777593515216896
138777935585873920
138994225118314497
138994977014415360
138995974969364483
139020785099608064
139063590614343680
139076147962052609
139198000600846336
139351547376189440
139378025434333185
139378710066380800
139380341210234880
139442521523748865
139445548578127873
139445744976408577
139465085885231104
139713334571307008
139789683898073088
139897904553934848
140080855279349760
140260308815065089
140260366696448000
140267016769650688
140286596363714561
140592750834892800
140625004390907904
140941598027558912
140956964220973056
141170348354842624
141191951058870273
141204538337144832
141248718535012352
141252898754539521
141253350384603136
141285417671589888
141369479560052736
141532334053793792
141533366209089536
141550768057614336
141550917542621184
141566971144716288
141582677152243712
141676063129477122
141676167710244864
141693708427984896
141879225836781568
141932685026275328
141933386930458624
141934262822780928
141939947417509888
141940510548951042
142057581928652802
142086173257510912
142590835215712257
142651623989190656
142676744451792896
142764975973339136
143026916050468866
143119068633907200
143502804181454850
143693239810129920
143726808376950784
143838159774556161
143858580435636225
143868444419432448
144077069331087361
144468231648849920
144550506029776896
144786883354968064
144806695321866240
144894537653952517
145210630574571520
145715632195907584
145920728712216577
145921234717249536
145922033631510529
145922295188307968
145925565357109248
146227611851423744
146228429589725185
146591699106402304
146648868623351808
146683496155459584
146789377807368192
146789666463551488
147441958544089089
147794951219068928
148513479479930880
148611398023389185
148812059969204224
148814132504825856
148817686296662017
148825241236410370
148847689075924992
148852875529945089
148854763461681153
148921053886939136
149177243980140546
149183384130830336
149184141496295425
149184221833994243
149189856961105921
149194859713011714
149196375106658305
149203049909469185
149203528735391744
149512931061678081
149514168708501508
149518975720628224
149579284799963136
149652040992305153
149887287692505088
149896200651411457
149972822817640448
150036665577111555
150296554547314689
151522793312366592
151670993537081344
151765365611954178
151825989985513472
151907774618546176
152107644256137217
152251047711215617
153148512463355904
153366736035528704
153848497270034432
154591651673812992
154591953676288000
154600975783559170
154603719680471040
154951833889148929
154952114362257408
154960895284482048
154961150352703488
154969535642996736
155337734884564992
155707681552875520
155713637976244224
156227874368655360
156229000031776769
156594743709679616
156769518230835200
156788704478887937
157133080241520640
157142017217015809
157145804988088320
157145903495520256
157146823893590018
157504837590847488
157508103317893121
157508288110530560
157511603082903552
157524482733510656
157533669786009600
157873623212896256
157873725046394882
157908726093852672
157908956969320448
158299228886671362
158671909620424704
158672434835374080
159077657777152000
159086010976845824
159086514217820161
159270942722367488
159272078833483777
159272698403500032
159383863855034368
160093621515845632
160093930283732992
160137948413693952
160407928694775809
161101034968727553
161476757973774336
161519357715939328
161525405734535168
161865174834348032
161910557895692288
161910651265097728
162200911660331008
162201030233300992
162226741325213696
162281694274138112
162282468618141698
162300121076338689
162387495256985601
162400405622489088
162402840780873728
162403979085623297
162550157504819200
162642176935866368
162957634192932864
163021101818068993
164030836243578880
164032895474876416
164106756371382272
164228560519831552
164938651153858560
165187739761909760
165860465380032512
165974448799887360
166026238832545792
166908649669787648
166911224808878081
166911778985484289
166912887858798592
167021050855571457
167119717008551936
167264935250898946
167278735920340992
167289101463191555
167615218296434689
167648906069544960
167663884486983681
167663957761470465
167690592757874688
168093341030957057
169473982691672064
169483989810286592
169484633396883457
169484898774695936
169484951891349505
169485969605672960
169486099746521089
169503411908251649
169803519786876928
169805055938150400
169860911832641536
170153735153139712
170276158204682240
170382836929536000
170579711318171649
170682558869274624
170689935630811137
170999127348477952
171441924530647040
171458750878724098
171610675930603520
171623873085845504
171690537546547200
171691216717619200
172038063130804226
172430526622351360
172431361758609408
172453572708007936
172455030186704896
172722563213045761
173145218047160320
851060460812210177
765713036535529472
765714893215371264
765723035617800200
765727720982458368
765727725495562242
765742140395630593
765745478701023232
765746214985986048
765781138279391238
765794013450498048
765831780066729985
765854690777063424
765881366932250625
765881992634302464
765886833607581696
765888348128804865
765888415283892224
765891777832378368
765891933013155840
765893777550639105
765893959222759424
765896621620097024
765896936004149248
765897307632066560
765897367442915329
765899524774715392
765899793004724224
765900126456016896
765901834808688641
765901849270611969
765904719210360832
765909076349952001
765909369141723136
765909652919857154
765909830619889665
765912317359894529
765916508480540672
765917274465267712
765917567588372480
765918006258073600
765919704322076672
765920254484582400
765921240959815680
765921304969089024
765923580903317504
765924527385829376
765924549988904961
765926142801014784
765926846571610112
765935303399964672
765935475525767168
765936580284518401
765936901899620352
765938659497480192
765940532648423424
765941665634803713
765942556215611392
765943425975943168
765944919533826054
765944965499265024
765945386531823616
765949092023402496
765951284440625152
765951612611338240
765951668194275328
765951741712068608
765951782405144577
765951825979797505
765951872737931264
765951930950615040
765951969789939712
765952020025139200
765952036886241281
765952169195470850
765952171246493696
765952330370052096
765952370715009024
765952433981952000
765952461903425536
765953815182966784
765954239420067840
765954597777207296
765954846889431040
765955365301288961
765956864035196928
765961163624505344
765961622867156992
765962755836813312
765962976419385345
765963453626474497
765963985594318848
765964862069600256
765965377348173824
765968822973165568
765969525133172736
765971230889418752
765972476673323008
765972875195117568
765976241954394112
765976480560123905
765976544602886145
765979249673138176
765979293587542016
765981444724428800
765981578728210432
765983545290428416
765989074343563264
765992091717480448
765993273081131008
765993696122789888
765994211737006081
765996149262147585
765996810003439616
765997343061733378
765997355258613760
765998135982383108
765998409153208320
765999080170336256
765999686130012160
765999878539542528
766001067339296768
766001444772347904
766002951072669696
766005589474414592
766007536084332544
766007924074307584
766009046201753602
766010549784150017
766011350107693056
766012929514803201
766016797329940480
766017401599197184
766017876834807808
766019487980253184
766021048802250752
766022017598488576
766026229430509568
766026273802035201
766026348305457152
766026450021605376
766026490697904129
766026655076933636
766026743371206657
766026777395429377
766026916608475136
766027332004044800
766027384164343809
766027590020829185
766027968401506304
766028203530084353
766028361336512512
766028587791245312
766028625351155712
766030048495226880
766032994301800448
766033015302721537
766033251555246084
766035010747035649
766035663686742016
766037390121066497
766037955563687936
766039676104867840
766044860071616512
766048751286882306
766053296935149569
766062138129420288
766063359057944576
766070393517944832
766072388060536832
766073711640268800
766079348231311360
766085999780700160
766087852019027968
766088123029843968
766088359685029889
766088576266178560
766089365034590208
766090927039401985
766095186036391936
766099312296075264
766102322846003201
766105642419494912
766122042361942017
766203675450740736
766215017213624320
766226600811700224
766250922561404928
766251403350278144
766252838456557568
766252925253550081
766253930414272512
766256312086855680
766257599629107200
766258748973252609
766259706759438336
766262147810754560
766264379285184513
766264421450600449
766265761711083520
766266574420447232
766267095730495489
766270086499950596
766272469866942464
766272968473317376
766273015365632000
766273072622137344
766273519927853056
766273942030053377
766274988416663552
766275775846907905
766276976617230336
766277473826902016
766277834251898884
766280761129390085
766280985818255360
766282465048719360
766283003559485440
766283140272754688
766283377867493376
766284772511404034
766286682245238786
766287219145510912
766287439023443968
766287776094445568
766288176726040576
766290264226869248
766290445462888448
766292320937504768
766292471739453441
766293101031882752
766295102696267776
766296105331982337
766296216166686720
766299538701377536
766301015591284736
766303360605687808
766303696019783680
766303836264812545
766304929497526272
766304943883948032
766305061211439104
766306444404678661
766306912576995332
766308481712332801
766309385425391616
766311272207876097
766314065551589376
766314810979999744
766317539425001472
766318957062070272
766319223085813761
766319601315610624
766319943503650816
766320756582035456
766321513234477057
766321699293978624
766323283558105088
766323990587596800
766325925436731393
766328989006921734
766329029624471553
766329066832158721
766329126475137024
766329155550142464
766329189498753025
766329253168312320
766329294792589316
766329347959578624
766329416570007552
766329510702841862
766329790911709184
766329828723322884
766329867533156353
766329885056962560
766329908629037057
766329978631888896
766330010110140418
766330114955173888
766332805177610240
766333205758799873
766335076204474368
766335488223481856
766335951316615169
766336164055965696
766337359973580800
766337632162897920
766337793324900353
766337809418510336
766338494121644032
766338906132389888
766339201105137665
766342002615185408
766343676851347460
766347685502726144
766347918701895680
766348902823895040
766349100799365120
766349327912632320
766352944577015809
766354838024130560
766354868135223296
766354888829706240
766354910954737664
766354933604052992
766354961684889604
766355052739043328
766355166090133504
766355253096742912
766355505195409408
766355712154951680
766356150245728256
766356508535762946
766356631340904449
766356913542074368
766360893240127488
766361678749507589
766363621437890560
766364398185177088
766365415555620865
766365726030475264
766366058231898113
766366338910711812
766368615033606145
766369475339902976
766370530798637056
766373514643402752
766378417017135105
766379057638281216
766380429322715138
766382984433954817
766383686266650624
766388022967410689
766388432088301569
766391204523024384
766393092601745408
766396315525718016
766396463819608064
766399444610748416
766399607622340608
766405591652716545
766415264032366592
766421694445527041
766423802301538305
766424465727033344
766424479287304192
766439867735678976
766442340600848384
766442442958577664
766462136830849024
766476045822201857
766490617094426624
766603025037262848
766612592873930752
766614201892823040
766615168994447360
766619954837917696
766621105243230208
766621350345646080
766622119803355136
766627054376714240
766628557980401664
766629748281839616
766630603815018496
766631082888273922
766635375439781888
766635840437035008
766636183694766080
766640103754084352
766641292449284096
766641359356891136
766642082920488960
766644173466329088
766646153979002880
766646580984311808
766647197572014080
766648363269906432
766648860827537408
766648931245776896
766649060354842624
766649159239737344
766649191582076928
766649449229713408
766649784501432320
766649904320147456
766650246319439872
766652948764057600
766654446461980672
766656671703633920
766658735527890946
766659240152866816
766659276110569472
766660853865340929
766662604278358016
766664524053217280
766664634308767745
766667327538593792
766669954192142336
766672701494796288
766673011596337152
766673454074589184
766673542884786176
766673634777759744
766673685503631365
766674841613180928
766677573510332416
766677948997009408
766678112826384385
766678754978504704
766679554832289792
766681148818911232
766681155332694016
766681647190306816
766682319398797312
766686412557185024
766686527393071105
766687511951400961
766688784280854528
766690208100122624
766690997220810753
766691827894349824
766692108245753856
766692172510797825
766692248197005312
766693262602014721
766693858805678084
766694915686404096
766695885510156288
766696259818180608
766696267506290688
766696559425847297
766698360786997248
766698643319562240
766700618216042496
766700825834057728
766703319159083008
766703791638884352
766704943063523328
766705196772786177
766705214099427328
766705341514051586
766705720129626112
766705902313439233
766706719015759872
766706868249133056
766707438070460417
766707559252172801
766707731789180928
766708059422896128
766709091234447364
766709980699430913
766710075369070592
766710284438372352
766710851692879872
766711470637871104
766711519409233920
766711636119916544
766711828051324928
766712710352531456
766714742278881280
766715108009480192
766716401700605953
766717590630727680
766724683542564865
766725408716828672
766725424361541632
766725764423311365
766726437214707713
766726478721458176
766726787569115136
766727546742255616
766727601603743744
766727638865948672
766727837604716544
766727861516455936
766728050180370433
766728106535038976
766730712829558785
766732589528907776
766733300308336640
766733569742036992
766733996071882753
766734971511959552
766736009094586368
766737763177598977
766742049211035648
766742853087264769
766745993832300544
766753250733285376
766757102488616960
766757358072504321
766759172553711617
766760708839124992
766762946903040000
766766400463441920
766768469924655104
766768573499015168
766778792295669760
766779925168844800
766784965610729473
766786726966784001
766788958206382080
766794638430724097
766794747851579393
766799540686958592
766799571347394561
766799761286438912
766802941969833984
766804238852722688
766810105434157056
766813354157481984
766817778808401920
766819095446630401
766819515518726144
766819849305817088
766822861340307456
766826995376394240
766827848132861952
766832912750686208
766835596622913536
766837021566394368
766847414066094080
766849443387834368
766853406371811328
766864333556977664
766872170794397696
766896111025922048
766952018846052352
766971293698699268
766973355362652160
766984445551321088
766984681619357696
766990996513124352
766992105789063168
766996709570334721
766996767040679937
767012158152540165
767014414700642304
767014666233061376
767016327282323456
767021746037719040
767022910988881922
767023979567558656
767025730576224256
767036137751842816
767039830752694273
767042235514757120
767043490085601282
767043924519116800
767044160448716801
767044901506723841
767045110731116544
767045307892768768
767046175903985664
767050142394355712
767052745517838337
767053697155084289
767054602554347521
767055472612483072
767056151665967105
767057226041266176
767058949887623168
767059611962802176
767059907493269504
767060091224727552
767061814181888000
767062216772165633
767063293215334401
767066161854885888
767066225092374529
767070667493695488
767076757086146560
767084398198087680
767084422273372161
767084443165130752
767084507199631361
767084603077226500
767091229653807104
767093268274446338
767097142322225152
767099840786333696
767100646315089920
767105235399667713
767109857753370624
767117034882633728
767119058625900544
767126734139494400
767131347735355393
767149090698330112
767149928498028544
767150021347250176
767151159987560452
767151430704762880
767156302539726848
767157006352343040
767160811739422720
767161530773229568
767162072853458944
767173791055306752
767188128536813568
767196580436930560
767307852935532545
767307879498022912
767318841416298496
767326277544054784
767333933151289344
767336948012843008
767337184156352512
767346833270181888
767349650735132672
767350492343181312
767350819436003328
767350954840748032
767352342576500736
767353645591584769
767375741231050752
767383973865615360
767394723417907201
767399104116723712
767399382291361792
767400334394359808
767405653962915841
767406421814018049
767408029201494016
767408819253182464
767411066787631104
767418707580710912
767421057179394048
767422340363874304
767424854119165952
767429830006546432
767430531797614592
767436137795350529
767443667556585472
767459445727199232
767466331604029440
767477858671300609
767481428112056320
767491752294883329
767495686552182784
767497417184784384
767497511581777920
767501139948429317
767510551467548673
767511255875813376
767512925921828864
767514846489288704
767515501744357376
767521293579218944
767525908777431040
767531591274868736
767532622503219204
767534053004193792
767535425720160256
767541019890028544
767545578553118720
767547886955528192
767548716857303040
767556968588410880
767566972808630272
767585931394035712
767588285409439744
767609377410813953
767683444151291904
767689837365239808
767692820601720832
767696044670881792
767699938339794944
767700349868269569
767700612268056577
767700650616586240
767701416538415104
767701802196369408
767702093599612929
767702254228873216
767702306401890305
767702516758872065
767704123126849536
767709111433719809
767710848227893248
767712791796981761
767713015433158657
767715070365224961
767715459999211526
767715632196554752
767716005242167296
767716031234269184
767716073458327552
767716238969737216
767718976583454720
767719027078823936
767719423235022848
767719618488201217
767721735164686336
767723034144714756
767723119842828290
767723463448653824
767725064385167360
767725570323050497
767725816230871040
767726174508294144
767727581256884224
767727923994431488
767728916693815297
767729642643922944
767731027737473025
767731997540179968
767732147373404160
767733549147369473
767737840377528321
767738263163535360
767738274790121472
767738306226290689
767738748822024192
767739114405830656
767739625192292353
767740290782330880
767740757557911552
767741844340019200
767743131651444740
767744113668128768
767744696428875777
767745048758722560
767745835195039744
767746862103220224
767748450536583168
767749359639330816
767749998884884481
767750501953777666
767750755717709824
767753413400596480
767753452504047616
767754581132533760
767755219975413760
767760913474650112
767761108815876096
767762050395344896
767762549370679296
767763240675934208
767764451831451648
767764558089977856
767765144998973444
767765377702998016
767765807606566913
767766293399400448
767767072289853441
767767084239511552
767768345005338626
767768400068222976
767768699289952256
767770583392149506
767770891187093509
767772892763451392
767774136835989504
767774493788045312
767776980053946368
767778918619152384
767779610599821312
767780424877678593
767782893326176258
767782954257027076
767783431623237632
767784783455870977
767787039915909120
767787409719209986
767787750472949760
767788510577295364
767789111784640512
767792002821922816
767792296569995265
767792462618394628
767792569375940608
767793604572147712
767793813167353857
767793944830676992
767794381470433281
767795044182925312
767795267995185152
767795589249699840
767797270494453764
767797589320216576
767802868040601600
767803029622063104
767804489256493056
767805047145050112
767806050707922946
767806191573630978
767807501450481664
767808992257028097
767809305487736832
767810297931321344
767811082022850561
767813096870215681
767813545421631488
767813578825105408
767814349939322880
767816106698502144
767816504066781184
767817995653558272
767819573034901505
767820572940132352
767821951305854976
767823314861555712
767823381945282560
767823759105482753
767824170931609601
767824875163705344
767825620915007489
767827013080014848
767827014162247680
767827098018934784
767827271344414721
767827277912551424
767827780637757444
767827864314114048
767827917426614272
767827950578249728
767827988155101185
767828047814922242
767828313796673536
767828721248133124
767829581147598848
767829656087195648
767830479424724992
767830714742104064
767832529516785664
767832808475668480
767833237817270273
767833387537018881
767834140091772928
767835315381891078
767840056157409280
767841807770193921
767843504466821122
767844532566233088
767846384057942016
767847429630730240
767847683109171201
767847928262254596
767848010013347840
767851493135220736
767858117082132480
767858607375265792
767858640204148736
767859792903897088
767860239483953152
767861157814149120
767871267122782210
767876226388197376
767877365624082436
767877768126144512
767878144359620608
767884038245711872
767898535391928324
767898563577729025
767898675620163584
767910516958367744
767913035256193024
767917191597555712
767930961942179844
767934626895650816
767965204046946304
768039908019572736
768040021622337536
768055204071649281
768059783370928128
768060798904172544
768066214618947584
768066628630220800
768066870951997440
768067161315241984
768069005827575809
768070766164320261
768070794551431168
768071077176061952
768071357095567360
768071440461664256
768072394355290113
768074477737500672
768075938592460800
768076353845403649
768079481529470976
768079565180669954
768080635093213189
768083503732981760
768085089049726977
768088934702129156
768089601676349440
768090412376391683
768091425456033792
768096197341052928
768096341012676608
768096453512294400
768096636992049152
768096709545037825
768096828705366016
768097676877529088
768098690594504705
768099532169150464
768100516475736065
768101117611737089
768101509661720576
768101907726491649
768107044318642176
768108355592318978
768108933189894144
768109437957574656
768109684763062272
768111355836502016
768111618328702976
768111645155405825
768113169390718976
768114361617481728
768114867794345984
768114942645932032
768115004272893952
768115101991702528
768116152350441472
768116446140461056
768116549257310209
768117020290277377
768119522654117888
768120687101878273
768122287996362752
768122381307039744
768123151347625984
768126366277435392
768130729335062529
768135023232815104
768139735696932866
768139809105645569
768140101268406272
768142009295044608
768145809174958083
768146506822127617
768147328180051968
768149331878809601
768150327497547776
768150775281356801
768152180851343360
768152262942138368
768152951642787840
768153605404823552
768154097702821889
768154699635630080
768157176040939521
768157250900852740
768157697145536512
768158196196380672
768160827266310144
768160930769186816
768161068698832896
768161659223285762
768162585376153600
768163223996542977
768164678853853184
768166908050960384
768167250763321345
768167421836492800
768168449390415872
768168515241140224
768169716129140736
768169773423144961
768169829752795137
768170519443214336
768170548711088128
768172457039585281
768172580637446145
768172766038196224
768173262031482880
768174779547328513
768176230281547777
768177311346724864
768179756533592064
768179757326344192
768180021148192772
768180581960077312
768181551490146304
768181720470450176
768183648063332353
768184229737992192
768184570000715777
768185185229733888
768185536041226241
768186283139051524
768187200798351360
768188004699627520
768188645459259392
768191646076850176
768194757961060353
768197811590627329
768200974796066816
768201352040284160
768201568168579072
768202060043091968
768203300336467968
768205295172587520
768206366804762624
768206429400424448
768206951956242433
768209673346514944
768209849343762440
768215405051703296
768215771835236352
768216835867238402
768217569509662721
768219447152652289
768219510474178561
768221634511577088
768222494373261312
768223033194606592
768223293681770497
768228283993448450
768228837071085568
768233287215116288
768233775901859840
768235141919539200
768236399489261568
768237679725125637
768239369660534784
768240882629869568
768243948976541696
768244169282297858
768247705277755392
768248217062354945
768256512024154113
768260563696836608
768260996649451520
768298123735080960
768413907010682880
768414314420207620
768417031100194817
768419185235861504
768419223630585857
768419495656382464
768419557832691713
768419688430772224
768419726892539905
768422696061243392
768425777067089920
768426025327919104
768426514752933888
768427845584650241
768429032077725696
768430123812950016
768434049497071616
768436695536721920
768437663640715265
768437915714191360
768438410608599040
768438814821978112
768439251981697024
768447798043783168
768449428164403200
768449812031242240
768451709672783872
768452077605429249
768452807284305924
768453210692472832
768453605527609345
768454442312167424
768454755479724032
768455778717929472
768456130745950208
768458984714072064
768460913611505664
768461286594244608
768461500872785920
768463613820563461
768463716878807046
768463758524022784
768463765855727616
768463909258924032
768464020311597056
768464176071241728
768464371773308928
768466300259762176
768466500780818433
768470495650078720
768470939101110274
768471501574111232
768472642277945345
768473089869025281
768473774307938305
768474852739182592
765714893215371264
765723035617800200
765727720982458368
765727725495562242
765742140395630593
765745478701023232
765746214985986048
765781138279391238
765794013450498048
765831780066729985
765854690777063424
765881366932250625
765881992634302464
765886833607581696
765888348128804865
765888415283892224
765891777832378368
765891933013155840
765893777550639105
765893959222759424
765896621620097024
765896936004149248
765897307632066560
765897367442915329
765899524774715392
765899793004724224
765900126456016896
765901834808688641
765901849270611969
765904719210360832
765909076349952001
765909369141723136
765909652919857154
765909830619889665
765912317359894529
765916508480540672
765917274465267712
765917567588372480
765918006258073600
765919704322076672
765920254484582400
765921240959815680
765921304969089024
765923580903317504
765924527385829376
765924549988904961
765926142801014784
765926846571610112
765935303399964672
765935475525767168
765936580284518401
765936901899620352
765938659497480192
765940532648423424
765941665634803713
765942556215611392
765943425975943168
765944919533826054
765944965499265024
765945386531823616
765949092023402496
765951284440625152
765951612611338240
765951668194275328
765951741712068608
765951782405144577
765951825979797505
765951872737931264
765951930950615040
765951969789939712
765952020025139200
765952036886241281
765952169195470850
765952171246493696
765952330370052096
765952370715009024
765952433981952000
765952461903425536
765953815182966784
765954239420067840
765954597777207296
765954846889431040
765955365301288961
765956864035196928
765961163624505344
765961622867156992
765962755836813312
765962976419385345
765963453626474497
765963985594318848
765964862069600256
765965377348173824
765968822973165568
765969525133172736
765971230889418752
765972476673323008
765972875195117568
765976241954394112
765976480560123905
765976544602886145
765979249673138176
765979293587542016
765981444724428800
765981578728210432
765983545290428416
765989074343563264
765992091717480448
765993273081131008
765993696122789888
765994211737006081
765996149262147585
765996810003439616
765997343061733378
765997355258613760
765998135982383108
765998409153208320
765999080170336256
765999686130012160
765999878539542528
766001067339296768
766001444772347904
766002951072669696
766005589474414592
766007536084332544
766007924074307584
766009046201753602
766010549784150017
766011350107693056
766012929514803201
766016797329940480
766017401599197184
766017876834807808
766019487980253184
766021048802250752
766022017598488576
766026229430509568
766026273802035201
766026348305457152
766026450021605376
766026490697904129
766026655076933636
766026743371206657
766026777395429377
766026916608475136
766027332004044800
766027384164343809
766027590020829185
766027968401506304
766028203530084353
766028361336512512
766028587791245312
766028625351155712
766030048495226880
766032994301800448
766033015302721537
766033251555246084
766035010747035649
766035663686742016
766037390121066497
766037955563687936
766039676104867840
766044860071616512
766048751286882306
766053296935149569
766062138129420288
766063359057944576
766070393517944832
766072388060536832
766073711640268800
766079348231311360
766085999780700160
766087852019027968
766088123029843968
766088359685029889
766088576266178560
766089365034590208
766090927039401985
766095186036391936
766099312296075264
766102322846003201
766105642419494912
766122042361942017
766203675450740736
766215017213624320
766226600811700224
766250922561404928
766251403350278144
766252838456557568
766252925253550081
766253930414272512
766256312086855680
766257599629107200
766258748973252609
766259706759438336
766262147810754560
766264379285184513
766264421450600449
766265761711083520
766266574420447232
766267095730495489
766270086499950596
766272469866942464
766272968473317376
766273015365632000
766273072622137344
766273519927853056
766273942030053377
766274988416663552
766275775846907905
766276976617230336
766277473826902016
766277834251898884
766280761129390085
766280985818255360
766282465048719360
766283003559485440
766283140272754688
766283377867493376
766284772511404034
766286682245238786
766287219145510912
766287439023443968
766287776094445568
766288176726040576
766290264226869248
766290445462888448
766292320937504768
766292471739453441
766293101031882752
766295102696267776
766296105331982337
766296216166686720
766299538701377536
766301015591284736
766303360605687808
766303696019783680
766303836264812545
766304929497526272
766304943883948032
766305061211439104
766306444404678661
766306912576995332
766308481712332801
766309385425391616
766311272207876097
766314065551589376
766314810979999744
766317539425001472
766318957062070272
766319223085813761
766319601315610624
766319943503650816
766320756582035456
766321513234477057
766321699293978624
766323283558105088
766323990587596800
766325925436731393
766328989006921734
766329029624471553
766329066832158721
766329126475137024
766329155550142464
766329189498753025
766329253168312320
766329294792589316
766329347959578624
766329416570007552
766329510702841862
766329790911709184
766329828723322884
766329867533156353
766329885056962560
766329908629037057
766329978631888896
766330010110140418
766330114955173888
766332805177610240
766333205758799873
766335076204474368
766335488223481856
766335951316615169
766336164055965696
766337359973580800
766337632162897920
766337793324900353
766337809418510336
766338494121644032
766338906132389888
766339201105137665
766342002615185408
766343676851347460
766347685502726144
766347918701895680
766348902823895040
766349100799365120
766349327912632320
766352944577015809
766354838024130560
766354868135223296
766354888829706240
766354910954737664
766354933604052992
766354961684889604
766355052739043328
766355166090133504
766355253096742912
766355505195409408
766355712154951680
766356150245728256
766356508535762946
766356631340904449
766356913542074368
766360893240127488
766361678749507589
766363621437890560
766364398185177088
766365415555620865
766365726030475264
766366058231898113
766366338910711812
766368615033606145
766369475339902976
766370530798637056
766373514643402752
766378417017135105
766379057638281216
766380429322715138
766382984433954817
766383686266650624
766388022967410689
766388432088301569
766391204523024384
766393092601745408
766396315525718016
766396463819608064
766399444610748416
766399607622340608
766405591652716545
766415264032366592
766421694445527041
766423802301538305
766424465727033344
766424479287304192
766439867735678976
766442340600848384
766442442958577664
766462136830849024
766476045822201857
766490617094426624
766603025037262848
766612592873930752
766614201892823040
766615168994447360
766619954837917696
766621105243230208
766621350345646080
766622119803355136
766627054376714240
766628557980401664
766629748281839616
766630603815018496
766631082888273922
766635375439781888
766635840437035008
766636183694766080
766640103754084352
766641292449284096
766641359356891136
766642082920488960
766644173466329088
766646153979002880
766646580984311808
766647197572014080
766648363269906432
766648860827537408
766648931245776896
766649060354842624
766649159239737344
766649191582076928
766649449229713408
766649784501432320
766649904320147456
766650246319439872
766652948764057600
766654446461980672
766656671703633920
766658735527890946
766659240152866816
766659276110569472
766660853865340929
766662604278358016
766664524053217280
766664634308767745
766667327538593792
766669954192142336
766672701494796288
766673011596337152
766673454074589184
766673542884786176
766673634777759744
766673685503631365
766674841613180928
766677573510332416
766677948997009408
766678112826384385
766678754978504704
766679554832289792
766681148818911232
766681155332694016
766681647190306816
766682319398797312
766686412557185024
766686527393071105
766687511951400961
766688784280854528
766690208100122624
766690997220810753
766691827894349824
766692108245753856
766692172510797825
766692248197005312
766693262602014721
766693858805678084
766694915686404096
766695885510156288
766696259818180608
766696267506290688
766696559425847297
766698360786997248
766698643319562240
766700618216042496
766700825834057728
766703319159083008
766703791638884352
766704943063523328
766705196772786177
766705214099427328
766705341514051586
766705720129626112
766705902313439233
766706719015759872
766706868249133056
766707438070460417
766707559252172801
766707731789180928
766708059422896128
766709091234447364
766709980699430913
766710075369070592
766710284438372352
766710851692879872
766711470637871104
766711519409233920
766711636119916544
766711828051324928
766712710352531456
766714742278881280
766715108009480192
766716401700605953
766717590630727680
766724683542564865
766725408716828672
766725424361541632
766725764423311365
766726437214707713
766726478721458176
766726787569115136
766727546742255616
766727601603743744
766727638865948672
766727837604716544
766727861516455936
766728050180370433
766728106535038976
766730712829558785
766732589528907776
766733300308336640
766733569742036992
766733996071882753
766734971511959552
766736009094586368
766737763177598977
766742049211035648
766742853087264769
766745993832300544
766753250733285376
766757102488616960
766757358072504321
766759172553711617
766760708839124992
766762946903040000
766766400463441920
766768469924655104
766768573499015168
766778792295669760
766779925168844800
766784965610729473
766786726966784001
766788958206382080
766794638430724097
766794747851579393
766799540686958592
766799571347394561
766799761286438912
766802941969833984
766804238852722688
766810105434157056
766813354157481984
766817778808401920
766819095446630401
766819515518726144
766819849305817088
766822861340307456
766826995376394240
766827848132861952
766832912750686208
766835596622913536
766837021566394368
766847414066094080
766849443387834368
766853406371811328
766864333556977664
766872170794397696
766896111025922048
766952018846052352
766971293698699268
766973355362652160
766984445551321088
766984681619357696
766990996513124352
766992105789063168
766996709570334721
766996767040679937
767012158152540165
767014414700642304
767014666233061376
767016327282323456
767021746037719040
767022910988881922
767023979567558656
767025730576224256
767036137751842816
767039830752694273
767042235514757120
767043490085601282
767043924519116800
767044160448716801
767044901506723841
767045110731116544
767045307892768768
767046175903985664
767050142394355712
767052745517838337
767053697155084289
767054602554347521
767055472612483072
767056151665967105
767057226041266176
767058949887623168
767059611962802176
767059907493269504
767060091224727552
767061814181888000
767062216772165633
767063293215334401
767066161854885888
767066225092374529
767070667493695488
767076757086146560
767084398198087680
767084422273372161
767084443165130752
767084507199631361
767084603077226500
767091229653807104
767093268274446338
767097142322225152
767099840786333696
767100646315089920
767105235399667713
767109857753370624
767117034882633728
767119058625900544
767126734139494400
767131347735355393
767149090698330112
767149928498028544
767150021347250176
767151159987560452
767151430704762880
767156302539726848
767157006352343040
767160811739422720
767161530773229568
767162072853458944
767173791055306752
767188128536813568
767196580436930560
767307852935532545
767307879498022912
767318841416298496
767326277544054784
767333933151289344
767336948012843008
767337184156352512
767346833270181888
767349650735132672
767350492343181312
767350819436003328
767350954840748032
767352342576500736
767353645591584769
767375741231050752
767383973865615360
767394723417907201
767399104116723712
767399382291361792
767400334394359808
767405653962915841
767406421814018049
767408029201494016
767408819253182464
767411066787631104
767418707580710912
767421057179394048
767422340363874304
767424854119165952
767429830006546432
767430531797614592
767436137795350529
767443667556585472
767459445727199232
767466331604029440
767477858671300609
767481428112056320
767491752294883329
767495686552182784
767497417184784384
767497511581777920
767501139948429317
767510551467548673
767511255875813376
767512925921828864
767514846489288704
767515501744357376
767521293579218944
767525908777431040
767531591274868736
767532622503219204
767534053004193792
767535425720160256
767541019890028544
767545578553118720
767547886955528192
767548716857303040
767556968588410880
767566972808630272
767585931394035712
767588285409439744
767609377410813953
767683444151291904
767689837365239808
767692820601720832
767696044670881792
767699938339794944
767700349868269569
767700612268056577
767700650616586240
767701416538415104
767701802196369408
767702093599612929
767702254228873216
767702306401890305
767702516758872065
767704123126849536
767709111433719809
767710848227893248
767712791796981761
767713015433158657
767715070365224961
767715459999211526
767715632196554752
767716005242167296
767716031234269184
767716073458327552
767716238969737216
767718976583454720
767719027078823936
767719423235022848
767719618488201217
767721735164686336
767723034144714756
767723119842828290
767723463448653824
767725064385167360
767725570323050497
767725816230871040
767726174508294144
767727581256884224
767727923994431488
767728916693815297
767729642643922944
767731027737473025
767731997540179968
767732147373404160
767733549147369473
767737840377528321
767738263163535360
767738274790121472
767738306226290689
767738748822024192
767739114405830656
767739625192292353
767740290782330880
767740757557911552
767741844340019200
767743131651444740
767744113668128768
767744696428875777
767745048758722560
767745835195039744
767746862103220224
767748450536583168
767749359639330816
767749998884884481
767750501953777666
767750755717709824
767753413400596480
767753452504047616
767754581132533760
767755219975413760
767760913474650112
767761108815876096
767762050395344896
767762549370679296
767763240675934208
767764451831451648
767764558089977856
767765144998973444
767765377702998016
767765807606566913
767766293399400448
767767072289853441
767767084239511552
767768345005338626
767768400068222976
767768699289952256
767770583392149506
767770891187093509
767772892763451392
767774136835989504
767774493788045312
767776980053946368
767778918619152384
767779610599821312
767780424877678593
767782893326176258
767782954257027076
767783431623237632
767784783455870977
767787039915909120
767787409719209986
767787750472949760
767788510577295364
767789111784640512
767792002821922816
767792296569995265
767792462618394628
767792569375940608
767793604572147712
767793813167353857
767793944830676992
767794381470433281
767795044182925312
767795267995185152
767795589249699840
767797270494453764
767797589320216576
767802868040601600
767803029622063104
767804489256493056
767805047145050112
767806050707922946
767806191573630978
767807501450481664
767808992257028097
767809305487736832
767810297931321344
767811082022850561
767813096870215681
767813545421631488
767813578825105408
767814349939322880
767816106698502144
767816504066781184
767817995653558272
767819573034901505
767820572940132352
767821951305854976
767823314861555712
767823381945282560
767823759105482753
767824170931609601
767824875163705344
767825620915007489
767827013080014848
767827014162247680
767827098018934784
767827271344414721
767827277912551424
767827780637757444
767827864314114048
767827917426614272
767827950578249728
767827988155101185
767828047814922242
767828313796673536
767828721248133124
767829581147598848
767829656087195648
767830479424724992
767830714742104064
767832529516785664
767832808475668480
767833237817270273
767833387537018881
767834140091772928
767835315381891078
767840056157409280
767841807770193921
767843504466821122
767844532566233088
767846384057942016
767847429630730240
767847683109171201
767847928262254596
767848010013347840
767851493135220736
767858117082132480
767858607375265792
767858640204148736
767859792903897088
767860239483953152
767861157814149120
767871267122782210
767876226388197376
767877365624082436
767877768126144512
767878144359620608
767884038245711872
767898535391928324
767898563577729025
767898675620163584
767910516958367744
767913035256193024
767917191597555712
767930961942179844
767934626895650816
767965204046946304
768039908019572736
768040021622337536
768055204071649281
768059783370928128
768060798904172544
768066214618947584
768066628630220800
768066870951997440
768067161315241984
768069005827575809
768070766164320261
768070794551431168
768071077176061952
768071357095567360
768071440461664256
768072394355290113
768074477737500672
768075938592460800
768076353845403649
768079481529470976
768079565180669954
768080635093213189
768083503732981760
768085089049726977
768088934702129156
768089601676349440
768090412376391683
768091425456033792
768096197341052928
768096341012676608
768096453512294400
768096636992049152
768096709545037825
768096828705366016
768097676877529088
768098690594504705
768099532169150464
768100516475736065
768101117611737089
768101509661720576
768101907726491649
768107044318642176
768108355592318978
768108933189894144
768109437957574656
768109684763062272
768111355836502016
768111618328702976
768111645155405825
768113169390718976
768114361617481728
768114867794345984
768114942645932032
768115004272893952
768115101991702528
768116152350441472
768116446140461056
768116549257310209
768117020290277377
768119522654117888
768120687101878273
768122287996362752
768122381307039744
768123151347625984
768126366277435392
768130729335062529
768135023232815104
768139735696932866
768139809105645569
768140101268406272
768142009295044608
768145809174958083
768146506822127617
768147328180051968
768149331878809601
768150327497547776
768150775281356801
768152180851343360
768152262942138368
768152951642787840
768153605404823552
768154097702821889
768154699635630080
768157176040939521
768157250900852740
768157697145536512
768158196196380672
768160827266310144
768160930769186816
768161068698832896
768161659223285762
768162585376153600
768163223996542977
768164678853853184
768166908050960384
768167250763321345
768167421836492800
768168449390415872
768168515241140224
768169716129140736
768169773423144961
768169829752795137
768170519443214336
768170548711088128
768172457039585281
768172580637446145
768172766038196224
768173262031482880
768174779547328513
768176230281547777
768177311346724864
768179756533592064
768179757326344192
768180021148192772
768180581960077312
768181551490146304
768181720470450176
768183648063332353
768184229737992192
768184570000715777
768185185229733888
768185536041226241
768186283139051524
768187200798351360
768188004699627520
768188645459259392
768191646076850176
768194757961060353
768197811590627329
768200974796066816
768201352040284160
768201568168579072
768202060043091968
768203300336467968
768205295172587520
768206366804762624
768206429400424448
768206951956242433
768209673346514944
768209849343762440
768215405051703296
768215771835236352
768216835867238402
768217569509662721
768219447152652289
768219510474178561
768221634511577088
768222494373261312
768223033194606592
768223293681770497
768228283993448450
768228837071085568
768233287215116288
768233775901859840
768235141919539200
768236399489261568
768237679725125637
768239369660534784
768240882629869568
768243948976541696
768244169282297858
768247705277755392
768248217062354945
768256512024154113
768260563696836608
768260996649451520
768298123735080960
768413907010682880
768414314420207620
768417031100194817
768419185235861504
768419223630585857
768419495656382464
768419557832691713
768419688430772224
768419726892539905
768422696061243392
768425777067089920
768426025327919104
768426514752933888
768427845584650241
768429032077725696
768430123812950016
768434049497071616
768436695536721920
768437663640715265
768437915714191360
768438410608599040
768438814821978112
768439251981697024
768447798043783168
768449428164403200
768449812031242240
768451709672783872
768452077605429249
768452807284305924
768453210692472832
768453605527609345
768454442312167424
768454755479724032
768455778717929472
768456130745950208
768458984714072064
768460913611505664
768461286594244608
768461500872785920
768463613820563461
768463716878807046
768463758524022784
768463765855727616
768463909258924032
768464020311597056
768464176071241728
768464371773308928
768466300259762176
768466500780818433
768470495650078720
768470939101110274
768471501574111232
768472642277945345
768473089869025281
768473774307938305
765713036535529472
765714893215371264
765723035617800200
765727720982458368
765727725495562242
765742140395630593
765745478701023232
765746214985986048
765781138279391238
765794013450498048
765831780066729985
765854690777063424
765881366932250625
765881992634302464
765886833607581696
765888348128804865
765888415283892224
765891777832378368
765891933013155840
765893777550639105
765893959222759424
765896621620097024
765896936004149248
765897307632066560
765897367442915329
765899524774715392
765899793004724224
765900126456016896
765901834808688641
765901849270611969
765904719210360832
765909076349952001
765909369141723136
765909652919857154
765909830619889665
765912317359894529
765916508480540672
765917274465267712
765917567588372480
765918006258073600
765919704322076672
765920254484582400
765921240959815680
765921304969089024
765923580903317504
765924527385829376
765924549988904961
765926142801014784
765926846571610112
765935303399964672
765935475525767168
765936580284518401
765936901899620352
765938659497480192
765940532648423424
765941665634803713
765942556215611392
765943425975943168
765944919533826054
765944965499265024
765945386531823616
765949092023402496
765951284440625152
765951612611338240
765951668194275328
765951741712068608
765951782405144577
765951825979797505
765951872737931264
765951930950615040
765951969789939712
765952020025139200
765952036886241281
765952169195470850
765952171246493696
765952330370052096
765952370715009024
765952433981952000
765952461903425536
765953815182966784
765954239420067840
765954597777207296
765954846889431040
765955365301288961
765956864035196928
765961163624505344
765961622867156992
765962755836813312
765962976419385345
765963453626474497
765963985594318848
765964862069600256
765965377348173824
765968822973165568
765969525133172736
765971230889418752
765972476673323008
765972875195117568
765976241954394112
765976480560123905
765976544602886145
765979249673138176
765979293587542016
765981444724428800
765981578728210432
765983545290428416
765989074343563264
765992091717480448
765993273081131008
765993696122789888
765994211737006081
765996149262147585
765996810003439616
765997343061733378
765997355258613760
765998135982383108
765998409153208320
765999080170336256
765999686130012160
765999878539542528
766001067339296768
766001444772347904
766002951072669696
766005589474414592
766007536084332544
766007924074307584
766009046201753602
766010549784150017
766011350107693056
766012929514803201
766016797329940480
766017401599197184
766017876834807808
766019487980253184
766021048802250752
766022017598488576
766026229430509568
766026273802035201
766026348305457152
766026450021605376
766026490697904129
766026655076933636
766026743371206657
766026777395429377
766026916608475136
766027332004044800
766027384164343809
766027590020829185
766027968401506304
766028203530084353
766028361336512512
766028587791245312
766028625351155712
766030048495226880
766032994301800448
766033015302721537
766033251555246084
766035010747035649
766035663686742016
766037390121066497
766037955563687936
766039676104867840
766044860071616512
766048751286882306
766053296935149569
766062138129420288
766063359057944576
766070393517944832
766072388060536832
766073711640268800
766079348231311360
766085999780700160
766087852019027968
766088123029843968
766088359685029889
766088576266178560
766089365034590208
766090927039401985
766095186036391936
766099312296075264
766102322846003201
766105642419494912
766122042361942017
766203675450740736
766215017213624320
766226600811700224
766250922561404928
766251403350278144
766252838456557568
766252925253550081
766253930414272512
766256312086855680
766257599629107200
766258748973252609
766259706759438336
766262147810754560
766264379285184513
766264421450600449
766265761711083520
766266574420447232
766267095730495489
766270086499950596
766272469866942464
766272968473317376
766273015365632000
766273072622137344
766273519927853056
766273942030053377
766274988416663552
766275775846907905
766276976617230336
766277473826902016
766277834251898884
766280761129390085
766280985818255360
766282465048719360
766283003559485440
766283140272754688
766283377867493376
766284772511404034
766286682245238786
766287219145510912
766287439023443968
766287776094445568
766288176726040576
766290264226869248
766290445462888448
766292320937504768
766292471739453441
766293101031882752
766295102696267776
766296105331982337
766296216166686720
766299538701377536
766301015591284736
766303360605687808
766303696019783680
766303836264812545
766304929497526272
766304943883948032
766305061211439104
766306444404678661
766306912576995332
766308481712332801
766309385425391616
766311272207876097
766314065551589376
766314810979999744
766317539425001472
766318957062070272
766319223085813761
766319601315610624
766319943503650816
766320756582035456
766321513234477057
766321699293978624
766323283558105088
766323990587596800
766325925436731393
766328989006921734
766329029624471553
766329066832158721
766329126475137024
766329155550142464
766329189498753025
766329253168312320
766329294792589316
766329347959578624
766329416570007552
766329510702841862
766329790911709184
766329828723322884
766329867533156353
766329885056962560
766329908629037057
766329978631888896
766330010110140418
766330114955173888
766332805177610240
766333205758799873
766335076204474368
766335488223481856
766335951316615169
766336164055965696
766337359973580800
766337632162897920
766337793324900353
766337809418510336
766338494121644032
766338906132389888
766339201105137665
766342002615185408
766343676851347460
766347685502726144
766347918701895680
766348902823895040
766349100799365120
766349327912632320
766352944577015809
766354838024130560
766354868135223296
766354888829706240
766354910954737664
766354933604052992
766354961684889604
766355052739043328
766355166090133504
766355253096742912
766355505195409408
766355712154951680
766356150245728256
766356508535762946
766356631340904449
766356913542074368
766360893240127488
766361678749507589
766363621437890560
766364398185177088
766365415555620865
766365726030475264
766366058231898113
766366338910711812
766368615033606145
766369475339902976
766370530798637056
766373514643402752
766378417017135105
766379057638281216
766380429322715138
766382984433954817
766383686266650624
766388022967410689
766388432088301569
766391204523024384
766393092601745408
766396315525718016
766396463819608064
766399444610748416
766399607622340608
766405591652716545
766415264032366592
766421694445527041
766423802301538305
766424465727033344
766424479287304192
766439867735678976
766442340600848384
766442442958577664
766462136830849024
766476045822201857
766490617094426624
766603025037262848
766612592873930752
766614201892823040
766615168994447360
766619954837917696
766621105243230208
766621350345646080
766622119803355136
766627054376714240
766628557980401664
766629748281839616
766630603815018496
766631082888273922
766635375439781888
766635840437035008
766636183694766080
766640103754084352
766641292449284096
766641359356891136
766642082920488960
766644173466329088
766646153979002880
766646580984311808
766647197572014080
766648363269906432
766648860827537408
766648931245776896
766649060354842624
766649159239737344
766649191582076928
766649449229713408
766649784501432320
766649904320147456
766650246319439872
766652948764057600
766654446461980672
766656671703633920
766658735527890946
766659240152866816
766659276110569472
766660853865340929
766662604278358016
766664524053217280
766664634308767745
766667327538593792
766669954192142336
766672701494796288
766673011596337152
766673454074589184
766673542884786176
766673634777759744
766673685503631365
766674841613180928
766677573510332416
766677948997009408
766678112826384385
766678754978504704
766679554832289792
766681148818911232
766681155332694016
766681647190306816
766682319398797312
766686412557185024
766686527393071105
766687511951400961
766688784280854528
766690208100122624
766690997220810753
766691827894349824
766692108245753856
766692172510797825
766692248197005312
766693262602014721
766693858805678084
766694915686404096
766695885510156288
766696259818180608
766696267506290688
766696559425847297
766698360786997248
766698643319562240
766700618216042496
766700825834057728
766703319159083008
766703791638884352
766704943063523328
766705196772786177
766705214099427328
766705341514051586
766705720129626112
766705902313439233
766706719015759872
766706868249133056
766707438070460417
766707559252172801
766707731789180928
766708059422896128
766709091234447364
766709980699430913
766710075369070592
766710284438372352
766710851692879872
766711470637871104
766711519409233920
766711636119916544
766711828051324928
766712710352531456
766714742278881280
766715108009480192
766716401700605953
766717590630727680
766724683542564865
766725408716828672
766725424361541632
766725764423311365
766726437214707713
766726478721458176
766726787569115136
766727546742255616
766727601603743744
766727638865948672
766727837604716544
766727861516455936
766728050180370433
766728106535038976
766730712829558785
766732589528907776
766733300308336640
766733569742036992
766733996071882753
766734971511959552
766736009094586368
766737763177598977
766742049211035648
766742853087264769
766745993832300544
766753250733285376
766757102488616960
766757358072504321
766759172553711617
766760708839124992
766762946903040000
766766400463441920
766768469924655104
766768573499015168
766778792295669760
766779925168844800
766784965610729473
766786726966784001
766788958206382080
766794638430724097
766794747851579393
766799540686958592
766799571347394561
766799761286438912
766802941969833984
766804238852722688
766810105434157056
766813354157481984
766817778808401920
766819095446630401
766819515518726144
766819849305817088
766822861340307456
766826995376394240
766827848132861952
766832912750686208
766835596622913536
766837021566394368
766847414066094080
766849443387834368
766853406371811328
766864333556977664
766872170794397696
766896111025922048
766952018846052352
766971293698699268
766973355362652160
766984445551321088
766984681619357696
766990996513124352
766992105789063168
766996709570334721
766996767040679937
767012158152540165
767014414700642304
767014666233061376
767016327282323456
767021746037719040
767022910988881922
767023979567558656
767025730576224256
767036137751842816
767039830752694273
767042235514757120
767043490085601282
767043924519116800
767044160448716801
767044901506723841
767045110731116544
767045307892768768
767046175903985664
767050142394355712
767052745517838337
767053697155084289
767054602554347521
767055472612483072
767056151665967105
767057226041266176
767058949887623168
767059611962802176
767059907493269504
767060091224727552
767061814181888000
767062216772165633
767063293215334401
767066161854885888
767066225092374529
767070667493695488
767076757086146560
767084398198087680
767084422273372161
767084443165130752
767084507199631361
767084603077226500
767091229653807104
767093268274446338
767097142322225152
767099840786333696
767100646315089920
767105235399667713
767109857753370624
767117034882633728
767119058625900544
767126734139494400
767131347735355393
767149090698330112
767149928498028544
767150021347250176
767151159987560452
767151430704762880
767156302539726848
767157006352343040
767160811739422720
767161530773229568
767162072853458944
767173791055306752
767188128536813568
767196580436930560
767307852935532545
767307879498022912
767318841416298496
767326277544054784
767333933151289344
767336948012843008
767337184156352512
767346833270181888
767349650735132672
767350492343181312
767350819436003328
767350954840748032
767352342576500736
767353645591584769
767375741231050752
767383973865615360
767394723417907201
767399104116723712
767399382291361792
767400334394359808
767405653962915841
767406421814018049
767408029201494016
767408819253182464
767411066787631104
767418707580710912
767421057179394048
767422340363874304
767424854119165952
767429830006546432
767430531797614592
767436137795350529
767443667556585472
767459445727199232
767466331604029440
767477858671300609
767481428112056320
767491752294883329
767495686552182784
767497417184784384
767497511581777920
767501139948429317
767510551467548673
767511255875813376
767512925921828864
767514846489288704
767515501744357376
767521293579218944
767525908777431040
767531591274868736
767532622503219204
767534053004193792
767535425720160256
767541019890028544
767545578553118720
767547886955528192
767548716857303040
767556968588410880
767566972808630272
767585931394035712
767588285409439744
767609377410813953
767683444151291904
767689837365239808
767692820601720832
767696044670881792
767699938339794944
767700349868269569
767700612268056577
767700650616586240
767701416538415104
767701802196369408
767702093599612929
767702254228873216
767702306401890305
767702516758872065
767704123126849536
767709111433719809
767710848227893248
767712791796981761
767713015433158657
767715070365224961
767715459999211526
767715632196554752
767716005242167296
767716031234269184
767716073458327552
767716238969737216
767718976583454720
767719027078823936
767719423235022848
767719618488201217
767721735164686336
767723034144714756
767723119842828290
767723463448653824
767725064385167360
767725570323050497
767725816230871040
767726174508294144
767727581256884224
767727923994431488
767728916693815297
767729642643922944
767731027737473025
767731997540179968
767732147373404160
767733549147369473
767737840377528321
767738263163535360
767738274790121472
767738306226290689
767738748822024192
767739114405830656
767739625192292353
767740290782330880
767740757557911552
767741844340019200
767743131651444740
767744113668128768
767744696428875777
767745048758722560
767745835195039744
767746862103220224
767748450536583168
767749359639330816
767749998884884481
767750501953777666
767750755717709824
767753413400596480
767753452504047616
767754581132533760
767755219975413760
767760913474650112
767761108815876096
767762050395344896
767762549370679296
767763240675934208
767764451831451648
767764558089977856
767765144998973444
767765377702998016
767765807606566913
767766293399400448
767767072289853441
767767084239511552
767768345005338626
767768400068222976
767768699289952256
767770583392149506
767770891187093509
767772892763451392
767774136835989504
767774493788045312
767776980053946368
767778918619152384
767779610599821312
767780424877678593
767782893326176258
767782954257027076
767783431623237632
767784783455870977
767787039915909120
767787409719209986
767787750472949760
767788510577295364
767789111784640512
767792002821922816
767792296569995265
767792462618394628
767792569375940608
767793604572147712
767793813167353857
767793944830676992
767794381470433281
767795044182925312
767795267995185152
767795589249699840
767797270494453764
767797589320216576
767802868040601600
767803029622063104
767804489256493056
767805047145050112
767806050707922946
767806191573630978
767807501450481664
767808992257028097
767809305487736832
767810297931321344
767811082022850561
767813096870215681
767813545421631488
767813578825105408
767814349939322880
767816106698502144
767816504066781184
767817995653558272
767819573034901505
767820572940132352
767821951305854976
767823314861555712
767823381945282560
767823759105482753
767824170931609601
767824875163705344
767825620915007489
767827013080014848
767827014162247680
767827098018934784
767827271344414721
767827277912551424
767827780637757444
767827864314114048
767827917426614272
767827950578249728
767827988155101185
767828047814922242
767828313796673536
767828721248133124
767829581147598848
767829656087195648
767830479424724992
767830714742104064
767832529516785664
767832808475668480
767833237817270273
767833387537018881
767834140091772928
767835315381891078
767840056157409280
767841807770193921
767843504466821122
767844532566233088
767846384057942016
767847429630730240
767847683109171201
767847928262254596
767848010013347840
767851493135220736
767858117082132480
767858607375265792
767858640204148736
767859792903897088
767860239483953152
767861157814149120
767871267122782210
767876226388197376
767877365624082436
767877768126144512
767878144359620608
767884038245711872
767898535391928324
767898563577729025
767898675620163584
767910516958367744
767913035256193024
767917191597555712
767930961942179844
767934626895650816
767965204046946304
768039908019572736
768040021622337536
768055204071649281
768059783370928128
768060798904172544
768066214618947584
768066628630220800
768066870951997440
768067161315241984
768069005827575809
768070766164320261
768070794551431168
768071077176061952
768071357095567360
768071440461664256
768072394355290113
768074477737500672
768075938592460800
768076353845403649
768079481529470976
768079565180669954
768080635093213189
768083503732981760
768085089049726977
768088934702129156
768089601676349440
768090412376391683
768091425456033792
768096197341052928
768096341012676608
768096453512294400
768096636992049152
768096709545037825
768096828705366016
768097676877529088
768098690594504705
768099532169150464
768100516475736065
768101117611737089
768101509661720576
768101907726491649
768107044318642176
768108355592318978
768108933189894144
768109437957574656
768109684763062272
768111355836502016
768111618328702976
768111645155405825
768113169390718976
768114361617481728
768114867794345984
768114942645932032
768115004272893952
768115101991702528
768116152350441472
768116446140461056
768116549257310209
768117020290277377
768119522654117888
768120687101878273
768122287996362752
768122381307039744
768123151347625984
768126366277435392
768130729335062529
768135023232815104
768139735696932866
768139809105645569
768140101268406272
768142009295044608
768145809174958083
768146506822127617
768147328180051968
768149331878809601
768150327497547776
768150775281356801
768152180851343360
768152262942138368
768152951642787840
768153605404823552
768154097702821889
768154699635630080
768157176040939521
768157250900852740
768157697145536512
768158196196380672
768160827266310144
768160930769186816
768161068698832896
768161659223285762
768162585376153600
768163223996542977
768164678853853184
768166908050960384
768167250763321345
768167421836492800
768168449390415872
768168515241140224
768169716129140736
768169773423144961
768169829752795137
768170519443214336
768170548711088128
768172457039585281
768172580637446145
768172766038196224
768173262031482880
768174779547328513
768176230281547777
768177311346724864
768179756533592064
768179757326344192
768180021148192772
768180581960077312
768181551490146304
768181720470450176
768183648063332353
768184229737992192
768184570000715777
768185185229733888
768185536041226241
768186283139051524
768187200798351360
768188004699627520
768188645459259392
768191646076850176
768194757961060353
768197811590627329
768200974796066816
768201352040284160
768201568168579072
768202060043091968
768203300336467968
768205295172587520
768206366804762624
768206429400424448
768206951956242433
768209673346514944
768209849343762440
768215405051703296
768215771835236352
768216835867238402
768217569509662721
768219447152652289
768219510474178561
768221634511577088
768222494373261312
768223033194606592
768223293681770497
768228283993448450
768228837071085568
768233287215116288
768233775901859840
768235141919539200
768236399489261568
768237679725125637
768239369660534784
768240882629869568
768243948976541696
768244169282297858
768247705277755392
768248217062354945
768256512024154113
768260563696836608
768260996649451520
768298123735080960
768413907010682880
768414314420207620
768417031100194817
768419185235861504
768419223630585857
768419495656382464
768419557832691713
768419688430772224
768419726892539905
768422696061243392
768425777067089920
768426025327919104
768426514752933888
768427845584650241
768429032077725696
768430123812950016
768434049497071616
768436695536721920
768437663640715265
768437915714191360
768438410608599040
768438814821978112
768439251981697024
768447798043783168
768449428164403200
768449812031242240
768451709672783872
768452077605429249
768452807284305924
768453210692472832
768453605527609345
768454442312167424
768454755479724032
768455778717929472
768456130745950208
768458984714072064
768460913611505664
768461286594244608
768461500872785920
768463613820563461
768463716878807046
768463758524022784
768463765855727616
768463909258924032
768464020311597056
768464176071241728
768464371773308928
768466300259762176
768466500780818433
768470495650078720
768470939101110274
768471501574111232
768472642277945345
768473089869025281
768473774307938305
768474852739182592