377075216989421568
379715997525344256
380166940125564928
380462749756571649
381028696275955713
382156745805529089
382589835619610624
383225121416421376
397479648084623360
403955455979814913
426000593757298688
433936974794092545
434385480717967360
435779623125671937
439161389379489792
461870045355061248
462331686789738496
504984859744669696
504991680073056256
506872409937686528
507556531307814912
512772306423132160
514828363148832769
519144999599239168
519576541571719169
565876686039040000
573265484721700864
603983155830198272
618091433396948992
633947637993988096
636168690359119873
636531810575368192
636606039052304384
637338895974166528
638361614312337408
639455953453195264
643447113959903232
643812100901597184
643845692566466560
643856037020344321
643965138333212672
644239323177611264
644582855595716608
644683408946393088
648863397971390464
649232653636509696
649290146731401216
651454385965264896
654357572850450432
654671397914972160
654721952620216321
655046313759920128
656890959255457792
657191358155894784
657586112794259456
657631542894854144
659756510042566656
661594221846089729
666690738235789312
672776935072792576
695220744637255680
699986706183815168
702516590131085312
703318468909785088
705511948927016960
706846177946423297
712300318441082880
717783075875213313
718100433064079360
719574182229630976
722559843253555200
728553622674366464
729771900184862721
766626178648121344
771728380848906240
773130657895624704
773219260000718848
773376496232697856
774297904416591872
774310193077157888
775027245257666560
775420938359861249
775806375209365504
776789997525630976
777202970408554496
777990299368828928
780070635410108416
780910138735652870
781115918839578624
781153512579358720
781168022740275200
781169116082298880
781242856086368256
781279701214097408
781281853579923456
781463627240988672
781508149215985664
781509226833281024
781520605917155333
781568958415704064
781604527703293952
781612272439341056
781618680908115968
781665838499631104
781829876886204416
781841902735949825
781854914184146944
781857722006401025
782595674865008641
782915165016555520
783364189008125953
784063234781446144
784405129512509440
785307224843227136
786188896069492737
790924971988099072
791007492604125184
827177761169043456
844334624524423168
849245463492661252
849253804717592578
849295660604063745
849608030962495488
849970443234758657
849992729648148481